ID  X   Y   Z   UX  UY  UZ  VX  VY  VZ  WX  WY  WZ 
1 -0.0397223 8.7127 -10 0.447214 0.894427 0 0.894427 -0.447214 0 0 0 -1
2 -2.22954 7.45861 -10 0.447214 0.894427 0 0.894427 -0.447214 0 0 0 -1
3 3.97766 8.88513 -10 0.267261 0.534522 0.801784 0 -0.83205 0.5547 0.963624 -0.14825 -0.222375
4 1.93794 7.59782 -10 0.267261 0.534522 0.801784 0 -0.83205 0.5547 0.963624 -0.14825 -0.222375
337 7.94772 -1.10318 3.21668 -0.645182 -0.0145963 0.763889 0.465778 -0.800053 0.378109 0.605633 0.599752 0.522979
338 8.8871 -1.14468 1.22064 0.743489 -0.502483 0.441288 0.666178 0.498703 -0.554528 0.0585692 0.706262 0.705524
339 8.93322 -4.33989 0.623296 0.267261 0.534522 0.801784 0 -0.83205 0.5547 0.963624 -0.14825 -0.222375
27 -8.53333 -8.53333 4.26667 0.267261 0.534522 0.801784 0 -0.83205 0.5547 0.963624 -0.14825 -0.222375
28 -8.53333 -8.53333 3.17891e-08 0.447214 0.894427 0 -0.894427 0.447214 0 0 0 1
